0
1
4
6
7
8
9
11
13
14
15
16
17
19
20
21
22
23
24
25
26
27
28
29
30
31
32
33
34
35
36
37
38
39
40
41
42
46
48
49
50
51
52
53
54
55
57
58
59
60
61
62
63
64
65
66
68
70
71
73
74
75
76
78
79
80
81
82
83
84
85
86
87
88
89
90
91
92
93
95
96
97
99
100
101
102
103
104
105
106
107
108
109
110
111
112
114
116
117
118
119
121
122
123
124
125
126
127
128
129
130
131
132
133
134
135
136
137
138
139
141
142
143
144
145
146
147
149
150
151
152
153
154
155
156
158
159
160
161
162
164
166
167
168
169
170
171
172
173
174
175
176
177
178
179
180
181
182
183
184
185
186
187
188
189
191
192
193
194
196
198
199
200
201
202
203
204
205
206
207
208
209
210
211
212
213
214
215
217
218
219
220
221
222
223
224
225
226
227
228
229
230
231
232
233
234
235
236
237
238
239
242
243
244
245
246
248
250
251
252
253
254
255
256
257
258
259
260
261
262
264
265
266
267
268
269
271
272
273
274
276
277
278
279
280
281
282
283
284
286
287
288
289
290
291
292
293
294
295
296
297
298
299
300
301
302
303
304
305
306
307
308
309
310
311
312
313
314
316
317
318
320
322
324
325
326
327
328
329
330
331
332
333
334
335
336
337
338
339
340
341
342
344
345
346
347
348
349
350
351
352
353
354
355
356
358
359
360
361
362
363
364
365
366
367
368
369
371
373
374
375
376
377
378
379
380
381
382
383
384
385
386
387
388
389
390
391
392
393
394
395
396
397
398
399
400
401
402
403
404
405
406
407
408
409
411
413
414
415
416
417
418
419
420
421
422
424
425
426
428
429
430
433
434
435
436
437
438
439
443
444
445
446
448
449
450
451
452
453
454
455
456
457
458
459
460
461
462
463
465
466
468
470
471
472
473
474
475
476
477
478
479
480
481
482
485
486
487
488
489
490
491
492
493
494
495
496
497
498
499
500
502
503
504
507
508
509
510
511
512
513
514
515
516
517
518
519
520
521
522
523
524
527
528
529
530
531
532
533
534
535
536
537
538
540
541
542
543
544
545
546
547
548
549
550
551
552
553
554
555
556
557
558
562
563
564
565
567
568
569
572
573
574
575
576
577
578
579
580
582
583
584
585
586
588
589
591
592
593
594
595
596
597
598
599
600
601
602
603
604
605
606
607
608
609
610
611
613
614
615
616
617
618
619
620
621
622
623
624
625
626
627
628
629
630
631
632
633
634
635
636
637
638
639
640
641
642
643
644
645
646
647
648
649
650
651
652
653
654
655
656
657
658
659
660
661
662
664
665
666
667
668
670
671
673
674
675
676
677
678
679
681
682
683
684
686
687
688
689
690
692
693
694
695
696
697
698
699
700
701
702
703
704
705
707
709
711
712
713
714
715
716
717
719
720
721
722
723
726
727
728
729
730
731
732
733
734
735
736
737
738
739
740
741
742
743
745
746
747
748
749
750
751
752
753
754
755
756
757
758
759
760
761
762
763
765
767
769
770
771
772
773
774
775
776
777
778
779
780
781
782
783
786
787
788
789
790
792
793
794
795
796
797
798
799
800
801
802
803
804
805
806
808
809
810
811
812
813
814
815
816
817
818
819
820
821
822
823
824
825
826
828
829
830
831
832
833
834
835
836
837
838
840
841
842
843
844
845
847
848
849
850
851
852
853
855
856
857
858
859
860
861
862
863
865
866
867
868
869
870
871
872
873
874
876
877
878
879
880
881
882
883
884
885
886
887
888
889
890
891
892
894
895
896
897
898
899
900
901
902
903
904
905
906
907
908
909
910
911
912
913
914
916
917
918
919
920
921
922
923
924
925
926
927
928
930
931
932
933
934
935
936
937
938
939
940
941
942
943
944
945
946
947
948
949
950
951
952
953
954
955
956
957
958
959
960
961
962
963
964
965
966
967
968
969
970
971
972
973
974
975
976
978
979
980
981
982
983
984
985
987
988
989
990
993
994
995
996
997
998
999
1000
1001
1002
1003
1004
1005
1007
1008
1009
1010
1011
1012
1013
1014
1015
1016
1017
1018
1019
1020
1021
1022
1023
1024
1025
1026
1027
1028
1029
1030
1032
1034
1035
1036
1043
1049
1050
1051
1052
1054
1055
1056
1057
1058
1059
1060
1062
1063
1064
1065
1066
1067
1068
1069
1070
1071
1072
1073
1074
1076
1077
1078
1079
1080
1081
1082
1083
1084
1085
1086
1087
1088
1089
1090
1091
1092
1093
1094
1095
1096
1097
1099
1100
1101
1102
1103
1104
1105
1106
1107
1108
1109
1110
1111
1112
1114
1115
1116
1117
1118
1119
1120
1121
1122
1123
1124
1125
1126
1127
1128
1129
1130
1131
1133
1134
1135
1136
1137
1138
1139
1140
1141
1142
1143
1145
1146
1147
1148
1149
1150
1151
1152
1153
1154
1155
1157
1158
1159
1160
1161
1162
1163
1164
1165
1166
1167
1168
1169
1170
1171
1172
1173
1174
1175
1176
1177
1178
1179
1180
1181
1182
1183
1184
1185
1186
1187
1188
1189
1190
1191
1192
1193
1194
1195
1196
1197
1198
1199
1200
1201
1202
1203
1204
1206
1207
1208
1209
1210
1211
1212
1213
1214
1215
1216
1217
1218
1219
1220
1221
1222
1223
1224
1225
1226
1227
1228
1229
1231
1232
1233
1234
1235
1236
1237
1238
1239
1240
1241
1242
1243
1244
1245
1246
1247
1248
1249
1250
1251
1252
1253
1254
1255
1258
1259
1260
1261
1262
1263
1264
1265
1266
1267
1268
1269
1270
1271
1272
1273
1274
1275
1276
1278
1279
1280
1281
1282
1283
1284
1285
1286
1287
1288
1289
1291
1292
1294
1295
1296
1297
1298
1299
1300
1301
1302
1303
1304
1305
1306
1307
1308
1309
1311
1312
1313
1314
1315
1316
1317
1318
1319
1320
1323
1324
1325
1326
1327
1328
1329
1330
1331
1332
1333
1335
1336
1337
1338
1339
1340
1342
1343
1345
1346
1347
1348
1349
1350
1351
1352
1353
1355
1356
1357
1358
1359
1360
1361
1362
1363
1364
1365
1366
1367
1368
1369
1370
1371
1372
1373
1374
1375
1376
1377
1379
1380
1381
1382
1383
1384
1385
1386
1387
1388
1389
1390
1391
1392
1393
1394
1395
1396
1397
1398
1399
1400
1401
1402
1403
1404
1406
1407
1408
1409
1410
1411
1412
1415
1416
1417
1418
1419
1420
1421
1422
1423
1424
1425
1426
1428
1429
1430
1431
1432
1433
1434
1435
1437
1438
1439
1440
1441
1443
1446
1447
1449
1451
1452
1454
1455
1456
1457
1458
1459
1460
1461
1462
1463
1464
1465
1466
1467
1468
1469
1470
1471
1472
1474
1476
1477
1478
1479
1480
1481
1482
1483
1484
1485
1486
1488
1489
1490
1491
1492
1495
1496
1497
1498
1499
1501
1502
1504
1505
1506
1507
1508
1509
1511
1512
1513
1514
1515
1516
1517
1518
1519
1520
1522
1524
1525
1526
1528
1529
1531
1532
1533
1535
1536
1537
1538
1539
1540
1541
1542
1543
1544
1545
1546
1547
1548
1549
1550
1551
1552
1553
1554
1555
1556
1557
1558
1559
1560
1561
1562
1563
1564
1566
1567
1568
1569
1570
1571
1572
1573
1574
1575
1576
1577
1578
1580
1581
1582
1583
1584
1585
1586
1587
1589
1590
1591
1592
1593
1595
1596
1597
1598
1599
1600
1601
1603
1604
1605
1606
1607
1608
1609
1611
1612
1613
1615
1617
1618
1619
1620
1621
1622
1623
1624
1625
1626
1627
1628
1630
1632
1633
1634
1637
1638
1639
1640
1641
1642
1643
1645
1646
1647
1648
1649
1650
1651
1652
1653
1654
1655
1656
1657
1658
1659
1661
1662
1663
1664
1665
1666
1667
1668
1669
1670
1671
1672
1674
1675
1676
1677
1678
1679
1681
1682
1683
1684
1685
1686
1687
1688
1689
1690
1691
1692
1693
1694
1695
1697
1698
1699
1700
1701
1702
1703
1704
1705
1708
1709
1710
1711
1712
1713
1714
1715
1716
1717
1718
1720
1722
1723
1724
1726
1727
1728
1729
1730
1731
1732
1733
1734
1735
1737
1738
1739
1740
1741
1742
1743
1744
1745
1747
1748
1749
1750
1751
1752
1753
1754
1755
1757
1758
1760
1761
1762
1763
1765
1766
1767
1768
1769
1770
1771
1772
1773
1774
1775
1776
1777
1778
1779
1780
1781
1783
1784
1785
1786
1788
1789
1790
1791
1792
1793
1794
1796
1798
1799
1802
1803
1804
1805
1807
1808
1809
1810
1811
1812
1813
1814
1815
1816
1817
1818
1823
1824
1825
1826
1827
1830
1831
1832
1833
1834
1835
1837
1838
1839
1840
1841
1842
1843
1844
1846
1847
1848
1850
1851
1852
1853
1854
1855
1856
1859
1860
1861
1862
1863
1865
1866
1867
1869
1870
1872
1873
1874
1875
1876
1877
1878
1879
1880
1881
1882
1883
1884
1885
1887
1888
1889
1890
1891
1892
1893
1894
1895
1897
1898
1899
1900
1901
1902
1903
1905
1908
1910
1911
1912
1913
1914
1915
1916
1917
1918
1919
1920
1921
1924
1925
1926
1927
1928
1930
1931
1932
1933
1934
1935
1936
1937
1938
1939
1940
1941
1943
1944
1946
1947
1948
1949
1950
1951
1952
1953
1954
1955
1957
1958
1959
1960
1964
1965
1967
1968
1969
1971
1973
1974
1975
1976
1977
1978
1979
1980
1982
1983
1985
1986
1987
1988
1991
1992
1993
1994
1995
1996
1997
1999
2000
2001
2002
2003
2004
2005
2006
2007
2009
2010
2011
2012
2013
2015
2016
2017
2018
2020
2021
2023
2024
2025
2026
2027
2028
2030
2031
2032
2033
2034
2035
2036
2037
2038
2039
2040
2043
2045
2046
2047
2049
2050
2051
2052
2053
2055
2056
2058
2059
2060
2061
2065
2066
2067
2068
2069
2070
2071
2072
2073
2074
2075
2076
2079
2080
2081
2082
2083
2084
2085
2086
2087
2088
2090
2091
2094
2095
2096
2097
2098
2099
2104
2106
2107
2110
2111
2112
2113
2114
2115
2116
2117
2118
2119
2120
2122
2124
2125
2126
2127
2129
2130
2131
2132
2133
2134
2135
2137
2140
2141
2142
2143
2144
2147
2148
2150
2151
2152
2153
2154
2156
2157
2158
2161
2162
2165
2167
2168
2169
2171
2173
2175
2177
2178
2181
2182
2184
2186
2188
2190
2191
2192
2194
2195
2196
2197
2198
2199
2200
2202
2205
2206
2207
2208
2209
2210
2212
2213
2215
2216
2219
2220
2221
2223
2225
2227
2228
2230
2232
2233
2235
2237
2238
2239
2240
2241
2242
2243
2244
2245
2247
2248
2249
2250
2251
2252
2253
2254
2255
2256
2257
2258
2259
2260
2261
2262
2264
2265
2266
2267
2268
2269
2270
2271
2272
2273
2275
2276
2277
2278
2280
2281
2282
2283
2284
2285
2286
2287
2288
2290
2291
2292
2293
2295
2296
2299
2302
2303
2304
2305
2306
2309
2310
2311
2312
2313
2314
2315
2316
2317
2318
2319
2320
2321
2322
2324
2326
2328
2331
2334
2335
2336
2338
2339
2340
2341
2342
2343
2345
2346
2347
2348
2349
2353
2354
2355
2356
2357
2358
2359
2360
2361
2362
2363
2365
2366
2367
2368
2369
2370
2374
2375
2376
2377
2378
2379
2380
2381
2382
2384
2385
2386
2387
2388
2390
2391
2392
2393
2394
2395
2396
2397
2399
2401
2402
2404
2405
2408
2409
2411
2417
2418
2419
2420
2421
2422
2423
2424
2427
2428
2429
2430
2431
2433
2434
2436
2437
2438
2440
2441
2442
2443
2446
2447
2448
2449
2452
2453
2454
2456
2457
2459
2460
2461
2462
2463
2464
2465
2467
2468
2469
2470
2471
2472
2473
2474
2475
2476
2477
2478
2479
2480
2482
2483
2484
2486
2487
2488
2489
2490
2491
2492
2494
2495
2496
2497
2498
2499
2502
2504
2505
2508
2509
2511
2512
2513
2514
2515
2516
2517
2518
2519
2520
2522
2523
2524
2525
2527
2529
2531
2533
2535
2536
2537
2538
2539
2540
2541
2542
2543
2545
2546
2547
2548
2549
2551
2552
2553
2554
2555
2556
2557
2558
2560
2561
2562
2564
2565
2566
2567
2572
2573
2575
2576
2577
2578
2579
2581
2583
2584
2588
2589
2590
2592
2596
2597
2598
2599
2600
2601
2602
2603
2605
2606
2607
2608
2609
2611
2612
2613
2614
2615
2616
2617
2618
2619
2620
2621
2622
2623
2624
2626
2627
2628
2629
2630
2632
2634
2635
2636
2637
2638
2639
2640
2641
2642
2643
2644
2645
2646
2647
2648
2649
2650
2651
2652
2653
2654
2655
2656
2658
2659
2660
2661
2663
2664
2665
2666
2667
2668
2669
2671
2673
2674
2675
2678
2679
2680
2681
2682
2684
2685
2687
2688
2689
2690
2691
2692
2693
2694
2695
2696
2697
2699
2700
2701
2704
2705
2706
2707
2708
2709
2710
2711
2712
2713
2714
2715
2716
2717
2719
2721
2723
2724
2726
2727
2728
2729
2730
2731
2732
2733
2738
2739
2740
2741
2742
2743
2744
2745
2746
2747
2748
2749
2750
2752
2753
2754
2758
2759
2760
2761
2762
2763
2764
2765
2767
2768
2770
2771
2772
2775
2776
2777
2778
2780
2781
2782
2784
2785
2788
2792
2793
2798
2801
2802
2803
2806
2808
2809
2810
2811
2812
2813
2814
2815
2816
2817
2818
2819
2820
2821
2822
2827
2828
2829
2830
2831
2832
2833
2835
2836
2840
2841
2842
2843
2844
2845
2846
2847
2850
2851
2852
2854
2856
2857
2859
2860
2862
2864
2867
2868
2869
2870
2873
2874
2876
2877
2878
2879
2880
2881
2884
2885
2888
2889
2892
2895
2897
2899
2900
2902
2903
2907
2908
2909
2910
2911
2914
2915
2916
2917
2918
2919
2920
2922
2923
2924
2925
2926
2927
2929
2933
2935
2936
2937
2938
2939
2940
2941
2943
2944
2948
2949
2950
2951
2952
2953
2954
2955
2957
2958
2959
2960
2962
2963
2964
2965
2967
2969
2970
2971
2976
2977
2978
2979
2980
2983
2984
2985
2986
2987
2988
2989
2990
2992
2994
2996
2997
2999
3000
3004
3005
3008
3009
3010
3013
3014
3017
3018
3019
3021
3025
3027
3029
3030
3034
3035
3037
3038
3039
3042
3045
3047
3048
3049
3050
3051
3052
3054
3055
3056
3059
3060
3061
3062
3063
3064
3065
3066
3067
3068
3069
3071
3072
3074
3078
3079
3080
3083
3084
3086
3087
3088
3090
3091
3094
3096
3097
3099
3100
3101
3102
3103
3105
3106
3107
3108
3110
3111
3113
3114
3116
3118
3119
3120
3121
3123
3124
3125
3126
3128
3129
3130
3131
3134
3137
3138
3139
3140
3141
3142
3143
3144
3145
3147
3148
3149
3150
3151
3153
3154
3155
3157
3158
3159
3161
3165
3166
3167
3168
3170
3171
3172
3173
3175
3177
3178
3179
3180
3181
3183
3184
3185
3186
3189
3190
3192
3193
3195
3196
3197
3198
3200
3201
3203
3205
3206
3207
3208
3209
3210
3212
3213
3214
3215
3216
3224
3225
3226
3227
3228
3229
3230
3233
3234
3237
3238
3239
3242
3245
3246
3247
3248
3249
3250
3251
3252
3253
3254
3255
3256
3257
3258
3259
3260
3261
3262
3263
3264
3266
3268
3269
3270
3272
3274
3275
3277
3278
3279
3280
3283
3284
3285
3286
3287
3288
3289
3290
3292
3293
3295
3297
3298
3300
3301
3303
3304
3305
3306
3307
3308
3309
3310
3311
3315
3317
3318
3319
3320
3323
3324
3325
3327
3329
3330
3332
3333
3335
3336
3337
3338
3339
3342
3346
3347
3348
3349
3350
3351
3352
3353
3354
3355
3358
3360
3361
3362
3366
3367
3369
3371
3372
3373
3374
3375
3378
3379
3381
3382
3383
3384
3385
3386
3387
3391
3392
3395
3396
3399
3400
3401
3402
3403
3404
3405
3411
3412
3413
3414
3416
3417
3418
3419
3422
3424
3425
3426
3427
3430
3431
3432
3433
3434
3435
3436
3437
3438
3439
3441
3443
3445
3446
3448
3449
3450
3452
3453
3455
3456
3457
3459
3461
3462
3463
3464
3465
3466
3469
3470
3471
3472
3474
3475
3476
3477
3478
3479
3480
3481
3484
3485
3486
3487
3488
3489
3490
3492
3493
3495
3496
3497
3498
3500
3503
3504
3506
3508
3509
3510
3511
3512
3513
3514
3515
3516
3517
3518
3520
3522
3523
3525
3526
3528
3529
3530
3532
3533
3534
3537
3538
3539
3540
3541
3543
3544
3545
3547
3549
3550
3551
3552
3553
3554
3555
3556
3557
3558
3561
3563
3567
3568
3570
3571
3573
3575
3576
3577
3578
3582
3585
3587
3588
3589
3594
3596
3599
3601
3602
3603
3604
3605
3611
3612
3613
3614
3615
3617
3618
3619
3620
3621
3622
3623
3626
3629
3631
3634
3635
3636
3637
3638
3639
3640
3642
3643
3645
3646
3647
3651
3653
3654
3657
3658
3659
3660
3661
3662
3663
3664
3665
3667
3668
3669
3670
3671
3672
3673
3675
3676
3678
3679
3680
3681
3682
3683
3684
3685
3686
3687
3688
3689
3692
3693
3694
3695
3697
3699
3701
3702
3703
3704
3705
3716
3717
3718
3719
3720
3721
3722
3723
3724
3725
3726
3727
3728
3729
3730
3731
3732
3734
3735
3736
3737
3738
3739
3743
3745
3746
3747
3749
3750
3751
3752
3753
3754
3755
3756
3757
3758
3759
3760
3761
3762
3763
3764
3765
3767
3768
3769
3770
3771
3773
3774
3775
3776
3778
3779
3780
3782
3783
3784
3785
3786
3787
3788
3789
3790
3791
3792
3793
3794
3796
3797
3798
3799
3803
3805
3806
3808
3810
3811
3814
3815
3816
3819
3820
3821
3822
3824
3825
3826
3828
3830
3831
3834
3836
3838
3839
3840
3841
3842
3843
3844
3846
3847
3848
3849
3850
3851
3852
3853
3854
3855
3856
3857
3858
3859
3860
3861
3862
3863
3864
3865
3866
3867
3868
3869
3870
3871
3872
3873
3874
3875
3876
3877
3878
3879
3880
3881
3882
3883
3884
3885
3886
3887
3888
3890
3891
3893
3894
3895
3896
3897
3898
3899
3900
3901
3902
3905
3906
3907
3908
3909
3911
3912
3915
3916
3917
3918
3919
3920
3921
3924
3926
3929
3930
3931
3932
3934
3936
3937
3938
3939
3940
3941
3944
3945
3946
3948
3949
3950
3951
3953
3954
3955
3956
3957
3958
3959
3961
3963
3964
3965
3966
3967
3968
3969
3970
3971
3972
3973
3975
3976
3977
3978
3979
3980
3981
3982
3983
3984
3985
3986
3987
3988
3989
3990
3992
3993
3994
3996
3999
4001
4002
4004
4005
4006
4007
4009
4011
4012
4014
4015
4016
4017
4018
4019
4020
4022
4023
4024
4025
4026
4027
4028
4029
4030
4031
4032
4033
4034
4035
4036
4037
4038
4039
4041
4042
4043
4044
4045
4048
4049
4050
4051
4053
4057
4058
4059
4063
4064
4065
4066
4067
4068
4069
4070
4071
4073
4074
4075
4076
4078
4080
4081
4082
4083
4088
4089
4091
4092
4093
4095
4096
4097
4098
4099
4100
4101
4102
4103
4104
4107
4108
4110
4111
4113
4114
4115
4116
4117
4118
4119
4121
4122
4123
4124
4125
4127
4128
4129
4131
4132
4133
4134
4136
4138
4140
4141
4142
4143
4144
4145
4146
4147
4148
4154
4156
4160
4161
4163
4164
4165
4167
4168
4169
4174
4176
4177
4179
4182
4183
4185
4186
4189
4190
4192
4193
4196
4198
4199
4200
4202
4203
4204
4205
4208
4209
4211
4213
4214
4217
4222
4225
4226
4227
4228
4229
4230
4231
4234
4235
4237
4238
4239
4240
4242
4243
4244
4245
4246
4248
4249
4250
4251
4252
4253
4256
4257
4258
4259
4261
4262
4263
4264
4265
4266
4267
4268
4269
4271
4272
4273
4274
4275
4276
4277
4278
4280
4281
4283
4285
4286
4287
4288
4289
4290
4291
4292
4296
4297
4298
4300
4301
4302
4305
4306
4307
4308
4310
4313
4314
4317
4319
4321
4322
4324
4325
4326
4327
4328
4329
4331
4333
4334
4335
4337
4338
4339
4340
4341
4342
4343
4344
4345
4347
4348
4352
4354
4358
4360
4361
4362
4363
4365
4366
4367
4368
4369
4370
4371
4372
4373
4374
4375
4376
4377
4378
4379
4380
4381
4382
4383
4384
4385
4386
4387
4388
4390
4391
4392
4393
4395
4397
4399
4401
4402
4403
4404
4405
4406
4407
4409
4410
4411
4412
4413
4414
4415
4416
4418
4419
4420
4422
4424
4425
4426
4427
4428
4430
4431
4432
4433
4435
4436
4437
4442
4443
4445
4446
4447
4448
4452
4454
4455
4458
4459
4461
4462
4463
4466
4467
4470
4471
4472
4474
4476
4478
4479
4481
4482
4483
4485
4486
4487
4488
4491
4492
4493
4494
4496
4497
4498
4499
4500
4501
4503
4504
4505
4506
4507
4508
4509
4510
4512
4514
4515
4516
4517
4519
4520
4521
4522
4523
4524
4525
4526
4528
4529
4532
4534
4536
4539
4540
4542
4544
4545
4546
4547
4548
4550
4552
4554
4557
4558
4559
4560
4561
4564
4565
4566
4567
4568
4569
4570
4571
4572
4573
4574
4575
4576
4577
4578
4579
4580
4581
4582
4583
4584
4585
4586
4587
4588
4589
4590
4592
4595
4597
4600
4603
4604
4605
4606
4607
4608
4609
4610
4611
4612
4613
4614
4615
4616
4617
4618
4619
4620
4621
4622
4623
4624
4625
4626
4627
4628
4629
4630
4631
4632
4634
4637
4639
4640
4641
4642
4643
4647
4648
4649
4651
4652
4653
4655
4657
4658
4659
4661
4662
4663
4664
4665
4666
4667
4668
4671
4673
4675
4676
4677
4678
4680
4682
4683
4684
4685
4686
4687
4688
4689
4690
4691
4692
4693
4694
4696
4697
4699
4703
4704
4707
4710
4711
4712
4713
4714
4715
4716
4718
4720
4721
4723
4724
4725
4726
4727
4728
4729
4731
4732
4734
4736
4737
4738
4739
4740
4741
4742
4743
4744
4746
4751
4752
4753
4754
4756
4758
4759
4760
4763
4764
4765
4766
4767
4768
4769
4771
4772
4773
4777
4778
4779
4780
4781
4783
4784
4785
4786
4787
4788
4789
4790
4791
4794
4795
4796
4797
4798
4799
4803
4806
4807
4809
4817
4818
4820
4821
4822
4823
4824
4826
4827
4828
4829
4830
4831
4832
4833
4835
4836
4837
4839
4840
4841
4842
4843
4844
4845
4847
4848
4849
4850
4851
4852
4853
4854
4855
4856
4857
4858
4859
4860
4861
4864
4865
4866
4867
4868
4869
4870
4872
4874
4875
4876
4878
4879
4881
4882
4883
4884
4886
4887
4889
4893
4895
4896
4897
4898
4899
4901
4902
4904
4905
4906
4907
4909
4911
4912
4914
4915
4916
4920
4921
4922
4926
4927
4928
4930
4931
4932
4934
4935
4940
4943
4945
4946
4947
4948
4951
4952
4954
4956
4957
4958
4960
4961
4962
4965
4966
4967
4968
4969
4970
4971
4972
4973
4974
4975
4976
4977
4980
4981
4983
4986
4987
4988
4989
4990
4991
4992
4993
4994
4995
4996
4997
4998
4999
5000
5003
5004
5006
5019
5020
5021
5022
5023
5024
5026
5027
5028
5029
5031
5032
5033
5035
5036
5037
5038
5039
5040
5041
5044
5047
5052
5056
5057
5058
5063
5066
5076
5079
5080
5081
5089
5090
5094
5096
5098
5099
5100
5101
5102
5103
5104
5105
5112
5113
5114
5116
5117
5118
5119
5120
5121
5125
5127
5129
5130
5132
5135
5136
5137
5138
5139
5140
5141
5143
5145
5146
5147
5148
5149
5150
5151
5152
5156
5157
5158
5159
5160
5161
5165
5166
5167
5169
5171
5172
5174
5175
5178
5180
5184
5185
5186
5187
5188
5190
5194
5196
5197
5198
5199
5202
5209
5210
5211
5212
5215
5216
5217
5218
5239
5245
5246
5248
5251
5252
5253
5255
5256
5258
5259
5260
5263
5264
5266
5267
5268
5270
5271
5273
5274
5275
5276
5277
5278
5279
5280
5281
5282
5283
5284
5290
5293
5294
5295
5296
5297
5298
5299
5303
5308
5310
5311
5312
5313
5314
5315
5316
5318
5319
5320
5321
5322
5323
5327
5328
5329
5332
5333
5334
5337
5338
5339
5340
5341
5342
5343
5344
5346
5348
5349
5350
5351
5352
5353
5357
5358
5360
5364
5365
5366
5368
5369
5371
5373
5374
5375
5377
5378
5379
5380
5381
5382
5383
5384
5386
5388
5389
5390
5391
5392
5394
5395
5400
5401
5402
5403
5404
5405
5406
5407
5408
5410
5412
5413
5414
5417
5419
5420
5421
5422
5424
5425
5426
5427
5429
5430
5431
5432
5433
5434
5435
5436
5437
5438
5439
5440
5441
5444
5446
5447
5451
5452
5454
5455
5456
5460
5461
5462
5463
5464
5465
5466
5467
5468
5469
5470
5471
5472
5473
5475
5476
5477
5478
5479
5480
5481
5482
5483
5484
5485
5486
5488
5491
5493
5494
5495
5496
5497
5498
5499
5500
5502
5503
5504
5505
5506
5508
5509
5511
5512
5513
5514
5515
5516
5517
5518
5519
5520
5521
5522
5523
5524
5526
5527
5529
5530
5531
5532
5533
5535
5537
5538
5539
5540
5541
5543
5546
5547
5549
5551
5552
5553
5554
5555
5556
5557
5558
5559
5560
5561
5563
5564
5565
5566
5567
5568
5569
5570
5571
5572
5573
5574
5575
5576
5577
5578
5579
5580
5583
5584
5586
5587
5589
5591
5592
5593
5594
5595
5598
5599
5600
5601
5603
5604
5605
5606
5607
5608
5609
5617
5618
5620
5624
5627
5628
5629
5630
5633
5634
5636
5637
5638
5639
5640
5641
5642
5643
5644
5645
5647
5648
5650
5651
5653
5656
5657
5658
5659
5660
5661
5663
5665
5666
5667
5668
5670
5672
5673
5674
5675
5676
5677
5678
5679
5680
5681
5682
5683
5685
5687
5688
5689
5691
5693
5695
5697
5698
5700
5701
5702
5703
5704
5705
5706
5708
5709
5711
5712
5713
5714
5715
5717
5718
5719
5720
5721
5722
5724
5725
5735
5736
5737
5745
5747
5750
5752
5753
5754
5755
5757
5759
5760
5761
5762
5763
5765
5766
5768
5769
5771
5772
5773
5775
5776
5777
5778
5779
5780
5781
5784
5785
5786
5788
5789
5790
5793
5794
5795
5796
5797
5798
5799
5800
5801
5802
5803
5804
5805
5808
5811
5812
5813
5814
5816
5817
5818
5819
5820
5821
5822
5823
5824
5825
5827
5828
5829
5830
5831
5833
5834
5836
5838
5839
5840
5843
5847
5848
5849
5850
5851
5852
5854
5857
5859
5860
5861
5862
5863
5864
5865
5866
5867
5868
5869
5870
5871
